0.515138 0.00175794 -5.34312e-09
1.02787 0.0042628 -1.21321e-08
1.54406 0.000306982 -1.17519e-08
2.06212 0.00121087 -1.20795e-08
2.57051 0.00089669 -1.85214e-08
3.08203 0.000500262 -2.527e-08
3.58442 0.00156913 -3.43338e-08
4.10373 0.000600058 -3.7363e-08
4.61935 -0.00187773 0.00174529
5.1341 -0.00288719 -3.80159e-08
5.64388 -0.00290263 -2.15236e-08
6.14829 -0.0029245 -1.23279e-08
6.66293 -0.00264384 0.00523597
7.16956 -0.0018172 0.00698128
7.67993 -0.000923076 0.00523596
8.18336 0.000272152 0.00523597
8.69297 0.00131894 0.010472
9.2029 0.00456802 0.0139627
9.70587 0.00619787 0.0122173
10.2165 0.0090295 0.0122173
10.7203 0.0105567 0.0139627
11.2304 0.0149918 0.0191987
11.7341 0.0182799 0.0174533
12.2439 0.0225535 0.015708
12.754 0.0258129 0.015708
13.2567 0.0306795 0.0209441
13.7672 0.0356214 0.0226894
14.2763 0.0417169 0.0209441
14.7801 0.0457551 0.0191988
15.2896 0.0514141 0.0226894
15.7997 0.0561852 0.0261801
16.303 0.0584434 0.0244348
16.8093 0.0653519 0.0226895
17.3112 0.0689458 0.0244348
17.8127 0.0770409 0.0296708
18.3222 0.0851051 0.0296708
18.826 0.0898923 0.0261801
19.3359 0.0915114 0.0261802
19.8499 0.0959155 0.0296708
20.3538 0.102244 0.0314162
20.8697 0.109449 0.0279255
21.3798 0.112836 0.0279255
21.8835 0.118632 0.0279255
22.3934 0.124012 0.0314162
22.9069 0.132452 0.0314162
23.4271 0.142732 0.0279256
23.9531 0.150242 0.0296709
24.4712 0.165758 0.0383976
24.9977 0.174555 0.0383977
25.5229 0.184811 0.0314164
26.0334 0.194678 0.0314164
26.568 0.207541 0.0401432
27.0878 0.220971 0.0418885
27.6091 0.235283 0.0383978
28.1348 0.24647 0.0349072
28.6646 0.258501 0.0401431
29.1931 0.270768 0.0436338
29.7119 0.282919 0.0383979
30.2508 0.292168 0.0349072
30.768 0.30631 0.0401432
31.301 0.30873 0.0453792
31.8165 0.323675 0.0401432
32.3222 0.326609 0.0366526
32.8579 0.331886 0.0366526
33.3894 0.339332 0.043634
33.8899 0.3376 0.043634
34.4154 0.345525 0.0366527
34.9512 0.347784 0.0331621
35.4517 0.351712 0.0331621
35.9735 0.35953 0.0436341
36.494 0.369004 0.0331622
37.0151 0.380907 0.0226902
37.5635 0.380286 0.0191996
38.0869 0.375016 0.0157089
38.613 0.37728 0.00349166
39.1298 0.376974 -0.005235
39.6331 0.345298 -0.010471
40.1346 0.162863 -0.010471
40.6659 0.0807154 -0.0069803
41.1716 0.0741808 -0.010471
41.6844 0.0629538 -0.0191976
42.2033 0.0578797 -0.0261789
42.7166 0.0362137 -0.0226882
43.247 0.0120635 -0.0209428
43.7588 -0.0100916 -0.0174522
44.2756 -0.0148443 -0.0157068
44.8074 -0.0481967 -0.00698004
45.3107 -0.0698305 1.34656e-06
45.8457 -0.0691069 0.00523725
46.3488 -0.0661436 0.0303951
46.8552 -0.0861863 0.160572
47.3668 0.0484084 0.172789
47.8877 0.110265 0.174534
48.3999 0.154259 0.167553
48.9023 0.102847 0.164062
49.4166 0.161891 0.171044
49.9259 0.486411 0.171044
50.4567 0.464353 0.164062
50.9788 0.514048 0.162317
51.4882 0.621771 0.165808
52.0032 0.598481 0.174534
52.5093 0.541434 0.0401442
53.0117 0.555431 0.0314176
53.5214 0.543094 0.0314176
54.0251 0.528773 0.0349083
54.5438 0.535933 0.0314176
55.07 0.529598 0.0296723
55.5964 0.535921 0.0296723
56.1217 0.544415 0.0349083
56.6285 0.553814 0.0349083
57.1333 0.546626 0.027927
57.6519 0.529328 0.0261817
58.1685 0.537022 0.033163
58.6941 0.552648 0.0366537
59.2181 0.543321 0.0314177
59.7501 0.524539 0.0296724
60.2756 0.509592 0.0331631
60.7924 0.522389 0.0418897
61.3166 0.531066 0.0383991
61.8338 0.510042 0.0331631
62.3613 0.483695 0.0331632
62.8958 0.470983 0.0366538
63.414 0.462514 0.0366538
63.9473 0.452108 0.0314178
64.4729 0.462064 0.0296726
65.0032 0.452084 0.0383993
65.5351 0.438913 0.0383993
66.0524 0.452838 0.0331633
66.5773 0.464276 0.031418
67.0941 0.476029 0.0383993
67.6206 0.487036 0.04189
68.1225 0.471065 0.036654
68.6298 0.472979 0.0331633
69.1434 0.466074 0.0331633
69.6708 0.4791 0.0401448
70.2208 0.440668 0.0383995
70.7409 0.45276 0.0314182
71.2615 0.45983 0.0279276
71.7971 0.437063 0.0331636
72.3109 0.417882 0.0349089
72.8426 0.428931 0.0296729
73.3799 0.406098 0.029673
73.8974 0.385979 0.0331636
74.4014 0.397999 0.040145
74.936 0.409578 0.0349091
75.4475 0.404201 0.0331638
75.9957 0.413011 0.0331638
76.5157 0.41711 0.0366545
77.0353 0.424725 0.0314185
77.5562 0.436261 0.0261826
78.0703 0.430615 0.0244372
78.6061 0.424459 0.0279279
79.138 0.436322 0.0261827
79.6583 0.442381 0.0186178
80.1786 0.446093 0.0139657
80.6986 0.451113 0.0174563
81.2199 0.440752 0.020947
81.7506 0.446124 0.0174564
82.2664 0.426975 0.0157111
82.7987 0.431686 0.0174565
83.3222 0.421384 0.0209472
83.8298 0.417697 0.0157113
84.3536 0.420516 0.0104753
84.9113 0.424532 0.0122207
85.4674 0.434039 0.0192019
85.9713 0.43907 0.0157112
86.5223 0.442232 0.00872985
87.0336 0.444703 0.0104752
87.5443 0.447919 0.0174566
88.0496 0.45114 0.0157113
88.5551 0.45281 0.0104753
89.0829 0.455782 0.00872994
89.5947 0.462774 0.0203678
90.1218 0.470759 0.0209475
90.633 0.478879 0.0174569
91.1359 0.498206 0.130809
91.701 0.591599 0.174536
92.205 0.684154 0.186754
92.712 0.936145 0.19199
93.2198 1.09838 0.186754
93.7281 1.1462 0.190245
94.2304 1.21182 0.193736
94.732 1.26015 0.19199
95.2346 1.30627 0.186755
95.7366 1.38477 0.1885
96.2405 1.46675 0.197226
96.7446 1.51673 0.198971
97.2866 1.59365 0.189686
97.7939 1.67384 0.186754
98.3039 1.72242 0.193735
98.811 1.78901 0.19199
99.3185 1.97188 0.185646
99.8219 2.03344 0.181518
100.399 2.14085 0.1885
100.906 2.22321 0.190732
101.415 2.28688 0.183263
101.916 2.36124 0.176282
102.419 2.42138 0.181518
102.94 2.4798 0.0366559
103.441 2.49154 0.0209479
103.942 2.49881 0.00873057
104.46 2.49846 0.00174939
104.972 2.49945 0.00524018
105.483 2.49801 0.00349471
105.993 2.49802 4.22823e-06
106.532 2.49804 4.73216e-06
107.05 2.49581 0.00349542
107.573 2.46675 0.00524073
108.137 2.45948 4.79929e-06
108.647 2.45008 -0.00523116
109.156 2.44296 -0.00174053
109.659 2.43865 4.88405e-06
110.208 2.46245 0.115709
110.715 2.51172 0.129159
111.223 2.57697 0.140921
111.733 2.6263 0.146613
112.245 2.68949 0.144449
112.757 2.73354 0.0523653
113.269 2.74426 0.0384027
113.77 2.75403 0.0418933
114.282 2.76408 0.0384026
114.794 2.77867 0.0331665
115.305 2.79274 0.0331666
115.814 2.8083 0.0366573
116.316 2.82 0.0384027
116.828 2.83675 0.0261855
117.335 2.84885 0.0209495
117.838 2.85821 0.0244402
118.351 2.86785 0.0311521
118.864 2.87814 0.0279308
119.378 2.88902 0.0226947
119.891 2.89419 0.019204
120.466 2.90283 0.0226947
120.966 2.91141 0.0226946
121.494 2.92062 0.0174588
122.004 2.92637 0.0157134
122.506 2.92817 0.019204
123.023 2.93538 0.0209494
123.539 2.94168 0.013968
124.05 2.94518 0.00873225
124.56 2.94766 0.00698691
125.061 2.95092 0.0122229
125.572 2.95391 0.00873213
126.08 2.95501 0.00255989
126.588 2.95594 0.00349638
127.089 2.9577 0.0102034
127.608 2.96255 0.0104777
128.122 2.96448 0.0017511
128.635 2.96449 -0.00173956
129.147 2.96511 0.00524151
129.656 2.96778 0.0104778
130.156 2.97078 0.00175119
130.666 2.97066 -0.00173953
131.181 2.97035 -0.00348478
131.694 2.96992 5.81992e-06
132.199 2.96996 -0.000350218
132.707 2.96842 -0.00872058
133.237 2.96309 -0.00872034
133.826 2.96425 0.00524176
134.363 2.96419 0.00349663
134.887 2.96527 -0.00402609
135.399 2.89037 -0.269308
135.913 2.65569 -0.495667
136.417 2.36092 -0.627717
136.923 1.98896 -0.68032
137.393 1.45254 -0.686175
137.823 0.930528 -0.829026
138.19 0.400201 -1.13988
138.381 -0.106969 -1.3249
138.491 -0.669849 -1.45971
138.535 -1.19298 -1.51351
138.535 -1.7619 -1.62315
138.532 -2.26621 -1.51145
138.681 -2.78363 -1.5028
138.748 -3.30292 -1.49749
138.775 -3.82535 -1.49225
138.802 -4.33469 -1.48963
138.829 -4.84452 -1.48876
139.016 -5.48798 -1.49225
139.042 -5.99891 -1.49749
139.073 -6.51382 -1.49574
139.103 -7.08075 -1.49225
139.295 -7.62343 -1.49225
139.333 -8.13834 -1.5005
139.503 -8.70264 -1.50098
139.563 -9.22071 -1.49923
139.581 -9.72606 -1.4967
139.599 -10.2316 -1.49749
139.668 -10.7364 -1.50272
139.703 -11.246 -1.49923
139.786 -11.8047 -1.49574
139.811 -12.3698 -1.494
139.844 -12.8881 -1.49749
139.941 -13.3994 -1.49923
140.077 -13.9058 -1.49545
140.154 -14.4804 -1.494
140.226 -14.9838 -1.49749
140.289 -15.4936 -1.50098
140.392 -16.0617 -1.49923
140.422 -16.5689 -1.50098
140.446 -17.0715 -1.49923
140.474 -17.65 -1.50447
140.519 -18.1697 -1.50447
140.547 -18.6804 -1.50272
140.577 -19.2051 -1.50447
140.603 -19.7076 -1.50796
140.624 -20.2157 -1.51395
140.649 -20.7439 -1.51145
140.684 -21.2541 -1.51145
140.713 -21.7977 -1.51494
140.732 -22.3256 -1.52192
140.754 -22.8261 -1.52018
140.775 -23.3415 -1.52018
140.792 -23.85 -1.52192
140.811 -24.3587 -1.52664
140.831 -24.9111 -1.52367
140.852 -25.4163 -1.51843
140.873 -25.9179 -1.51798
140.887 -26.4245 -1.52018
140.911 -26.9486 -1.52541
140.935 -27.4596 -1.52192
140.96 -27.9664 -1.51843
140.969 -28.4733 -1.51843
140.987 -29.0015 -1.52541
141.003 -29.5147 -1.52197
141.055 -30.0216 -1.52018
141.072 -30.6149 -1.51681
141.088 -31.1677 -1.52541
141.095 -31.6681 -1.52541
141.111 -32.1904 -1.52367
141.13 -32.7019 -1.52367
141.188 -33.2047 -1.53239
141.202 -33.71 -1.53588
141.212 -34.2524 -1.53414
141.216 -34.7733 -1.53588
141.23 -35.2773 -1.53937
141.24 -35.847 -1.54635
141.248 -36.3972 -1.5481
141.253 -36.9074 -1.54461
141.263 -37.4456 -1.54474
141.274 -38.0018 -1.55334
141.279 -38.5057 -1.55159
141.286 -39.0289 -1.5481
141.286 -39.5348 -1.5481
141.288 -40.0394 -1.55683
141.292 -40.6146 -1.55857
141.297 -41.1362 -1.55267
141.304 -41.6539 -1.55307
141.306 -42.1599 -1.56085
141.308 -42.6846 -1.56206
141.309 -43.2177 -1.55909
141.313 -43.7909 -1.56032
141.315 -44.3617 -1.56555
141.315 -44.8628 -1.56876
141.315 -45.3793 -1.56904
141.314 -45.921 -1.56904
141.313 -46.4771 -1.57253
141.31 -47.0385 -1.57428
141.308 -47.5996 -1.57079
141.308 -48.1338 -1.5673
141.298 -48.6549 -1.57079
141.296 -49.1559 -1.57777
141.291 -49.6792 -1.57602
141.249 -50.2051 -1.78835
141.038 -50.7365 -2.03224
140.762 -51.2712 -2.05774
140.466 -51.7963 -2.04552
140.134 -52.3367 -2.20676
139.71 -52.8605 -2.24368
139.226 -53.3649 -2.44102
138.687 -53.6641 -2.84324
138.131 -53.8172 -2.89026
137.604 -54.0344 -2.90188
137.009 -54.2604 -2.9112
136.494 -54.3818 -2.90946
135.927 -54.5154 -2.9112
135.415 -54.6353 -2.91295
134.915 -54.7515 -2.91469
134.337 -54.8858 -2.9112
133.819 -54.9735 -3.05083
133.303 -55.0151 -3.07003
132.744 -55.1183 -3.0805
132.227 -55.1483 -3.08399
131.706 -55.2189 -3.08224
131.202 -55.2873 -3.08399
130.674 -55.3154 -3.08922
130.17 -55.3399 -3.09271
129.608 -55.3684 -3.09097
129.104 -55.4338 -3.09097
128.541 -55.4871 -3.08922
128.026 -55.5141 -3.09097
127.506 -55.5448 -3.08748
126.992 -55.5721 -3.09097
126.478 -55.5979 -3.09271
125.964 -55.6239 -3.09446
125.45 -55.6481 -3.09446
124.948 -55.6715 -3.09795
124.441 -55.6938 -3.09795
123.935 -55.7164 -3.10144
123.425 -55.7383 -3.10144
122.913 -55.7596 -3.10144
122.413 -55.78 -3.10493
121.908 -55.7989 -3.10569
121.404 -55.817 -3.10842
120.823 -55.8379 -3.10842
120.252 -55.8562 -3.11366
119.743 -55.8723 -3.10668
119.235 -55.8917 -3.10314
118.682 -55.9127 -3.10668
118.169 -55.9303 -3.11017
117.662 -55.9456 -3.1154
117.144 -55.9577 -3.12238
116.615 -55.968 -3.12238
116.114 -55.9779 -3.12238
115.569 -55.9882 -3.12587
115.045 -55.9966 -3.12762
114.522 -56.0037 -3.12762
113.995 -56.0115 -3.12762
113.492 -56.0177 -3.13111
112.968 -56.0227 -3.13286
112.462 -56.0268 -3.13635
111.906 -56.0303 -3.13809
111.513 -56.0317 3.14096
111.513 -56.0316 -3.13996
111.008 -56.0332 -3.13809
110.451 -56.0354 -3.13984
109.908 -56.0374 -3.13635
109.407 -56.04 -3.13984
108.907 -56.0421 -3.13984
108.903 -56.0417 3.13986
108.384 -56.0412 3.13811
107.865 -56.0409 3.13986
107.345 -56.0402 3.13811
106.829 -56.039 3.13637
106.26 -56.0363 3.13462
105.741 -56.0343 3.13637
105.206 -56.0319 3.13637
104.702 -56.0297 3.13637
104.139 -56.0231 3.13462
103.572 -56.0197 3.13462
103.045 -56.0166 3.13288
102.542 -56.0116 3.13106
102.021 -56.006 3.12939
101.502 -55.9997 3.12939
100.99 -55.9934 3.12939
100.482 -55.9875 3.12764
99.9558 -55.9807 3.12589
99.4204 -55.9736 3.12764
98.9004 -55.9677 3.12939
98.3886 -55.962 3.12939
97.8982 -55.9575 -3.12854
97.3444 -56.036 -2.97578
96.7759 -56.106 -3.09446
96.2604 -56.1262 -3.11191
95.7308 -56.1393 -3.12238
95.202 -56.1483 -3.12799
94.6748 -56.1566 -3.12762
94.1669 -56.1631 -3.13111
93.6667 -56.1675 -3.1346
93.1599 -56.1711 -3.13883
92.6253 -56.1744 -3.13635
92.0932 -56.177 -3.13809
91.5883 -56.1798 -3.13809
91.0471 -56.1795 -3.13984
91.0399 -56.1795 3.13986
90.946 -56.1795 -3.13984
90.6833 -56.1804 3.13986
90.6811 -56.1762 -3.13984
90.6812 -56.1762 3.13986
90.6345 -56.1762 -3.13984
90.6341 -56.1761 3.13986
90.6341 -56.1761 -3.13993
90.6343 -56.1762 3.13986
90.4341 -56.1758 -3.13984
89.8837 -56.2253 -3.02639
89.3674 -56.2887 -3.01766
88.8379 -56.3582 -3.00894
88.3257 -56.4276 -3.00894
87.7806 -56.5005 -3.01195
87.256 -56.5695 -3.01417
86.7526 -56.6345 -3.01417
86.2297 -56.7031 -3.01243
85.7266 -56.7689 -3.01417
85.1603 -56.8408 -3.01941
84.6591 -56.9022 -3.02115
84.1461 -56.9581 -3.02255
83.6392 -57.012 -3.02465
83.2053 -57.0403 3.13288
82.6363 -57.0331 3.10321
82.1138 -57.0125 3.09797
81.5816 -56.9835 3.09273
81.0652 -56.9578 3.08684
80.5559 -56.9296 3.08385
80.0351 -56.8994 3.08226
79.6239 -56.8725 -3.13026
79.0889 -56.9113 -3.0613
78.5879 -56.9492 -3.05083
78.0784 -56.9987 -3.04273
77.5602 -57.0463 -3.03686
76.9974 -57.0973 -3.0421
76.4441 -57.1533 -3.04287
75.8897 -57.1998 -3.04559
75.3776 -57.2509 -3.0421
74.8421 -57.2957 -3.04733
74.331 -57.3359 -3.04908
73.7626 -57.3881 -3.05257
73.2241 -57.4378 -3.04908
72.7233 -57.4748 -3.05083
72.2215 -57.5202 -3.05432
71.7103 -57.5562 -3.05635
71.1804 -57.5922 -3.05606
70.6418 -57.639 -3.05781
70.14 -57.681 -3.0613
69.6083 -57.7239 -3.06402
69.0768 -57.7664 -3.06115
68.5657 -57.8094 -3.05781
68.0021 -57.8569 -3.05955
67.4274 -57.9047 -3.06304
66.8956 -57.9432 -3.05955
66.3556 -57.9845 -3.05781
65.8354 -58.0273 -3.06304
65.3316 -58.0672 -3.06479
64.8216 -58.1061 -3.06775
64.3208 -58.1447 -3.06304
63.8142 -58.1841 -3.06828
63.2471 -58.2261 -3.07177
62.7356 -58.2621 -3.07351
62.2337 -58.2938 -3.07075
61.7065 -58.3282 -3.07177
61.1982 -58.3606 -3.07526
60.6783 -58.3948 -3.07773
60.1416 -58.4288 -3.077
59.637 -58.459 -3.07875
59.1338 -58.4901 -3.08224
58.5516 -58.5222 -3.08573
57.9754 -58.5523 -3.08573
57.4665 -58.5815 -3.08573
56.9545 -58.61 -3.08748
56.45 -58.6375 -3.09097
55.8558 -58.6683 -3.09097
55.3178 -58.6965 -3.08922
54.8158 -58.7224 -3.09271
54.3149 -58.745 -3.09271
53.8145 -58.7693 -3.09446
53.2836 -58.7959 -3.09097
52.7757 -58.8196 -3.09097
52.2113 -58.8472 -3.09474
51.7107 -58.8699 -3.09969
51.1808 -58.8928 -3.0962
50.6593 -58.9171 -3.0962
50.1481 -58.9391 -3.09969
49.6451 -58.9603 -3.10144
49.13 -58.9807 -3.10318
48.6141 -58.998 -3.10144
48.1062 -59.0182 -3.10668
47.6028 -59.0357 -3.10842
47.0983 -59.0519 -3.11191
46.572 -59.0694 -3.10842
46.0682 -59.0816 -3.11191
45.5623 -59.0961 -3.1154
45.044 -59.1091 -3.11956
44.5371 -59.1159 -3.11889
44.0315 -59.1242 -3.11889
43.5096 -59.1354 -3.12413
42.9635 -59.1448 -3.12936
42.4344 -59.1477 -3.12762
41.9105 -59.1557 -3.12587
41.4082 -59.1595 -3.12936
40.902 -59.1616 -3.13286
40.3928 -59.1663 -3.1346
39.8002 -59.1722 -3.13211
39.2732 -59.177 -3.13635
38.7333 -59.2144 -2.97752
38.2194 -59.3006 -2.9653
37.7183 -59.3928 -2.95658
37.1954 -59.493 -2.95072
36.685 -59.5927 -2.95134
36.1842 -59.6893 -2.95309
35.6826 -59.7836 -2.94785
35.1429 -59.8913 -2.94785
34.6053 -59.9968 -2.95134
34.0329 -60.1047 -2.95309
33.5262 -60.2023 -2.9496
32.9819 -60.3095 -2.9496
32.4524 -60.4039 -3.04378
31.9214 -60.4283 -3.1154
31.3782 -60.4359 -3.12769
30.8368 -60.4432 -3.13031
30.3319 -60.4477 -3.1346
29.8136 -60.4502 -3.13809
29.5153 -60.4492 3.13986
29.4516 -60.4491 -3.13809
28.8844 -60.4503 -3.1364
28.4791 -60.45 3.14024
27.9683 -60.4492 3.13811
27.4579 -60.4462 3.13288
26.9469 -60.443 3.13637
26.3727 -60.4379 3.13113
25.8515 -60.4319 3.12764
25.3503 -60.4248 3.1259
25.1155 -60.4217 -3.13955
24.5577 -60.4893 -2.99497
23.9784 -60.579 -2.9845
23.4757 -60.6613 -2.97752
22.9704 -60.745 -2.97772
22.4513 -60.8316 -2.97577
21.9513 -60.9156 -2.97752
21.445 -60.9988 -2.98101
20.9277 -61.0822 -2.98276
20.3454 -61.1761 -2.98101
19.7857 -61.2604 -2.98276
19.2768 -61.3364 -2.98276
18.7525 -61.4197 -2.9845
18.2498 -61.5003 -2.97926
17.7458 -61.5837 -2.97926
17.2439 -61.6562 -2.98625
16.7347 -61.7365 -2.9845
16.2289 -61.8165 -2.98276
15.7214 -61.8866 -2.98276
15.2186 -61.9659 -2.98799
14.7144 -62.0438 -2.98821
14.2102 -62.1199 -2.99323
13.7024 -62.1977 -2.98625
13.1971 -62.2713 -2.98625
12.6308 -62.3591 -2.98962
12.1257 -62.4372 -2.98974
11.6166 -62.5157 -2.98625
11.0486 -62.6045 -2.99123
10.5459 -62.6738 -2.99672
9.97527 -62.7513 -2.99846
9.46719 -62.8251 -2.99672
8.96128 -62.9002 -2.99672
8.43883 -62.974 -3.00534
7.87395 -63.0393 -3.00893
7.36692 -63.0943 -3.00544
6.79258 -63.1752 -3.00195
6.22345 -63.2539 -3.00893
5.71088 -63.3072 -3.01417
5.18097 -63.3771 -3.00893
4.65955 -63.448 -3.00719
4.15104 -63.5166 -3.01068
3.58764 -63.5687 -3.01592
3.07509 -63.6332 -3.01417
2.56349 -63.6787 -3.00893
2.03846 -63.7482 -3.01417
1.49628 -63.8191 -3.01417
1.25393 -63.832 3.13854
0.692269 -63.7254 2.8641
0.181268 -63.5769 2.85188
-0.330097 -63.4225 2.83966
-0.84929 -63.1996 2.67909
-1.36586 -62.9162 2.6599
-1.87306 -62.5606 2.51503
-2.39631 -62.1063 2.36144
-2.90363 -61.6031 2.35795
-3.43718 -61.0593 2.34399
-3.91161 -60.5569 2.34225
-4.30649 -60.0525 2.17818
-4.62698 -59.5509 2.03037
-4.88018 -58.9938 2.00365
-5.12302 -58.4681 1.98969
-5.30806 -57.9252 1.86228
-5.48051 -57.4149 1.84905
-5.64551 -56.8777 1.77246
-5.72548 -56.3346 1.71393
-5.91971 -55.8161 1.71044
-5.98913 -55.1449 1.69996
-6.07829 -54.6015 1.70171
-6.15772 -54.0751 1.7079
-6.23279 -53.5627 1.71218
-6.30253 -53.0534 1.70171
-6.33668 -52.5464 1.70171
-6.39361 -52.0417 1.70695
-6.47962 -51.5079 1.70869
-6.58707 -50.9502 1.70171
-6.64919 -50.3997 1.69473
-6.72063 -49.8333 1.70171
-6.78029 -49.3007 1.70346
-6.90046 -48.7882 1.69647
-6.963 -48.2799 1.69271
-7.02604 -47.7799 1.69647
-7.08291 -47.2656 1.70171
-7.17747 -46.6938 1.70171
-7.21996 -46.1909 1.69298
-7.23288 -45.6626 1.69647
-7.28638 -45.16 1.69996
-7.35309 -44.6371 1.70092
-7.4061 -44.1303 1.69298
-7.46046 -43.6076 1.69124
-7.49385 -43.0966 1.69473
-7.5888 -42.5927 1.69647
-7.65032 -42.0019 1.69124
-7.69122 -41.4934 1.68828
-7.81097 -40.9862 1.69124
-7.86681 -40.4786 1.69647
-7.90697 -39.9714 1.69298
-7.95592 -39.4076 1.68775
-8.03338 -38.8821 1.69298
-8.09728 -38.3756 1.69997
-8.1513 -37.8703 1.69647
-8.20406 -37.3472 1.686
-8.26089 -36.7787 1.68855
-8.30338 -36.2684 1.69473
-8.3643 -35.6872 1.68949
-8.43869 -35.1733 1.67902
-8.47786 -34.663 1.68077
-8.59439 -34.126 1.83959
-8.75914 -33.5483 1.85355
-8.8754 -33.0173 1.69473
-8.92508 -32.5041 1.67902
-9.00351 -31.9864 1.67728
-9.02901 -31.4792 1.67433
-9.08327 -30.9417 1.6668
-9.12371 -30.4398 1.66506
-9.15443 -29.882 1.66777
-9.20686 -29.3005 1.67078
-9.25835 -28.7625 1.65284
-9.29647 -28.2315 1.65982
-9.35281 -27.6484 1.6668
-9.45025 -27.086 1.66506
-9.48263 -26.5622 1.65516
-9.56809 -26.0264 1.6511
-9.59601 -25.5188 1.65284
-9.63079 -25.0167 1.65319
-9.65211 -24.5134 1.65284
-9.72593 -24.0041 1.64237
-9.75148 -23.4732 1.64412
-9.86227 -22.9615 1.64826
-9.92908 -22.4563 1.64586
-9.96747 -21.8789 1.63349
-10.0215 -21.3552 1.63088
-10.0703 -20.8179 1.63713
-10.1029 -20.2656 1.64063
-10.1382 -19.7458 1.63364
-10.1535 -19.2164 1.62841
-10.1743 -18.7116 1.63539
-10.1844 -18.2019 1.63713
-10.2116 -17.6854 1.63536
-10.3195 -17.1689 1.6319
-10.346 -16.6572 1.63539
-10.3739 -16.1521 1.63888
-10.4102 -15.6161 1.63364
-10.3741 -15.116 1.33301
-10.2014 -14.5722 1.23396
-10.0079 -14.0719 1.07691
-9.60796 -13.5679 0.824802
-9.10311 -13.132 0.599471
-8.59197 -12.8844 0.490454
-8.07496 -12.6532 0.479982
-7.50228 -12.3441 0.478237
-7.00085 -12.1915 0.123117
-6.4698 -12.1848 0.0152709
-5.9486 -12.1493 0.118699
-5.44582 -12.1134 0.127426
-4.93412 -12.0655 0.134407
-4.68464 -11.5651 0.136152
-4.59119 -11.054 0.136152
-4.50113 -10.5103 0.136152
-4.41793 -9.99188 0.136152
-4.32266 -9.40242 0.136152
-4.23264 -8.84766 0.136152
-4.14462 -8.27933 0.136152
-4.05055 -7.66496 0.136152
-3.96195 -7.09578 0.136152
-3.88238 -6.567 0.136152
-3.79501 -5.98205 0.136152
-3.70972 -5.39038 0.136152
-3.62627 -4.80318 0.136152
-3.55295 -4.2777 0.136152
-3.47485 -3.69818 0.136152
-3.40767 -3.19371 0.136152
-3.34057 -2.67336 0.136152
-3.27568 -2.15565 0.136152
-3.20881 -1.6082 0.136152
-3.14981 -1.10127 0.136152
-3.09767 -0.598275 0.136152
-3.04863 -0.0931271 0.136152
