0.04415213884
0.02659648833
0.02030217893
0.01693692667
0.01479179421
0.01328129341
0.01214737822
0.01125739699
0.01053563117
0.009935441585
0.009426387567
0.008604563599
0.00796477705
0.007448688023
0.00702109999
0.00649823297
0.005953607185
0.005624378267
0.005179239681
0.004825368192
0.004535337801
0.004205103129
0.003903748375
0.003659140254
0.003409643269
0.003168495873
0.002957525853
0.002759751086
0.002567871776
0.002395568019
0.002234826187
0.002082086673
0.00194037818
0.001810790864
0.001687841793
0.001573858053
0.001467887548
0.001369406013
0.001278074415
0.00119266851
0.001113425014
0.001039112095
0.0009707472949
0.0009065727741
0.0008472090254
0.0007920549862
0.0007410477524
0.0006937747114
0.0006500563626
0.0006097082354
0.0005727511619
0.0005389013751
0.0005081235464
0.0004802966771
0.0004554817579
0.0004335723179
0.0004145821754
0.0003985288928
0.0003854767235
0.0003754434857
0.0003684846586
0.0003646296531
0.0003639044743
0.0003663127568
0.0003718387757
0.0003804546694
0.0003921155347
0.0004067776421
0.0004244038548
0.0004449640984
0.0004684451158
0.0004948580903
0.0005242358862
0.0005566354436
0.0005921442461
0.0006308740841
0.0006729546636
0.0007185514958
0.0007678487104
0.0008210541333
0.000878405261
0.000940160793
0.001006604423
0.001078050534
0.001154833739
0.001237324663
0.001325917059
0.001421039811
0.001523155364
0.001632758991
0.001750385998
0.001876608587
0.002012045331
