0.002455291681
0.004910583362
0.007365875043
0.009821166724
0.01227645841
0.01473175009
0.01718704177
0.01964233345
0.02209762513
0.02455291681
0.02700820849
0.03191879185
0.03682937522
0.04173995858
0.04665054194
0.05401641698
0.06383758371
0.07120345875
0.08347991716
0.09575637556
0.108032834
0.1252198757
0.1448622092
0.1645045426
0.1890574594
0.2185209596
0.2504397515
0.2872691267
0.3314643769
0.3805702106
0.4370419192
0.5033347946
0.5794488367
0.6653840456
0.7660510045
0.8814497135
1.014035464
1.166263549
1.340589258
1.541923176
1.772720594
2.040347387
2.344803555
2.698365558
3.103488685
3.569994104
4.105247691
4.721525903
5.431105199
6.248717328
7.186638751
8.26696709
9.509344681
10.94077973
12.58336987
14.47394446
16.64933289
19.1537304
22.03133225
25.34352073
29.15167813
33.53437378
38.57263231
44.37203126
51.04060347
58.71338997
67.53770827
77.68788408
89.36525132
102.7981521
118.2493027
136.0231591
156.468373
179.9851567
207.0375604
238.1583825
273.9540799
315.1317767
362.4992638
416.9846415
479.6608722
551.7580572
634.6904443
730.0908025
839.8276089
966.0615201
1111.26747
1278.298508
1470.437358
1691.45535
1945.695893
2238.14814
2574.55993
