0.001173747883
0.00123000171
0.001309603979
0.001407817923
0.00150784776
0.001597385527
0.001672942812
0.001735782721
0.001786074204
0.001824614824
0.001853103928
0.001887889194
0.001900173185
0.001895721199
0.001880044948
0.001842409575
0.001778344044
0.001726386617
0.001640804773
0.001561639067
0.001490909417
0.00140512147
0.001322849193
0.00125372606
0.001179711753
0.001104460348
0.001035981722
0.0009694283552
0.0009024400298
0.0008430304133
0.0007877460896
0.0007355260094
0.0006880127776
0.000645025409
0.0006033253192
0.000564729448
0.0005277408177
0.0004919630885
0.0004579398429
0.0004253467898
0.0003943771197
0.0003663974192
0.0003415163862
0.000319306981
0.0002989729883
0.0002800168464
0.0002626439014
0.0002461757678
0.0002298520232
0.000214947346
0.0002008960681
0.0001867295946
0.0001743448284
0.000162630341
0.0001522638857
0.0001436048645
0.0001362411106
0.0001295061757
0.0001234828219
0.0001175625571
0.000111893491
0.0001062435214
0.0001005896137
9.462572906e-05
8.857571356e-05
8.270439134e-05
7.847196261e-05
7.504770742e-05
7.267376629e-05
7.150388396e-05
7.060113201e-05
7.053913189e-05
7.121993041e-05
7.188083761e-05
7.218102851e-05
7.349834736e-05
7.436683005e-05
7.484219405e-05
7.547408575e-05
7.755473552e-05
8.098112675e-05
8.603089582e-05
9.360328409e-05
0.0001029956562
0.0001142922209
0.0001283645453
0.000145299901
0.0001650286894
0.0001881484915
0.0002145497051
0.0002447570835
0.0002814381474
0.0003183573834
