0.0021572024
0.002270936873
0.002425627294
0.002629411592
0.002859901068
0.003088998502
0.003302409042
0.003497099752
0.00367014034
0.003820882353
0.003950506977
0.004151803365
0.004285701269
0.00436302297
0.004396678831
0.004385574784
0.004298636106
0.004204271633
0.004025825619
0.003844916662
0.003674919362
0.003462717426
0.003255400144
0.003080565927
0.002896977342
0.002714941893
0.002551731429
0.002395995512
0.002241965952
0.002103331556
0.001974748023
0.001851521465
0.001735651985
0.001627699485
0.001524519429
0.001428227413
0.001341947472
0.001262801542
0.001190886339
0.001122713138
0.001059749298
0.001001010317
0.0009500673752
0.0009024731177
0.0008574949151
0.0008127506788
0.0007699467259
0.000727966313
0.000686482736
0.0006501565666
0.000619125969
0.0005921844077
0.0005691707613
0.000549760933
0.0005317422985
0.0005145762399
0.0004997139233
0.0004877837751
0.0004812016258
0.0004783638658
0.0004807656702
0.0004848111015
0.0004875941787
0.000489565155
0.0004925088888
0.0004959300327
0.0005001258538
0.000503134661
0.0005046278142
0.0005049586938
0.0005031304268
0.0004981809418
0.0004932730211
0.0004941803018
0.0004999797522
0.0005098440381
0.0005247442655
0.0005484102868
0.0005786602332
0.000614957926
0.0006507351928
0.0006872609731
0.0007282800272
0.0007712409706
0.0008143758631
0.0008577501257
0.0008995294266
0.0009154754465
0.000863638833
0.0007319772644
0.0005287575229
0.0003776760693
0.0004377565643
