0.002212277239
0.002330195467
0.002490032026
0.002702600821
0.002943593789
0.003181874218
0.003399947328
0.003595132413
0.003765132578
0.003910270923
0.004032810177
0.004220750051
0.00434531863
0.004417511714
0.004448563423
0.004435477464
0.004346353832
0.004249251938
0.004063657699
0.003876328902
0.003701853562
0.003486418545
0.003277862465
0.003102301216
0.002918069168
0.00273661934
0.00257387417
0.002416674049
0.002259527074
0.002116544093
0.001980432479
0.001848678767
0.001725845069
0.001615167641
0.001506420456
0.001403655099
0.001310675063
0.001225446777
0.001146791317
0.001075007473
0.001010470246
0.000947787748
0.0008897578837
0.0008338908719
0.0007843028072
0.0007362981486
0.0006919312339
0.0006523831572
0.0006172384321
0.0005826212805
0.0005497991391
0.000519029858
0.0004891105104
0.0004604496021
0.0004362523181
0.0004177984357
0.0004009278096
0.0003852921154
0.0003708885777
0.0003575343655
0.0003436050853
0.0003346699777
0.0003302099094
0.0003287523414
0.0003303069534
0.0003352929675
0.000339780613
0.0003413541723
0.0003402463805
0.000334700606
0.0003266578487
0.000315806439
0.0003047362434
0.0002947911594
0.0002874712878
0.0002830721379
0.0002839163583
0.0002868483655
0.0002898834983
0.0002908649769
0.0002863948328
0.0002759558021
0.0002636537584
0.0002465595506
0.0002174796272
0.0001850616173
0.0001619698869
0.0001526999656
0.000151746821
0.0001673198664
0.0001820922154
0.0002009360694
0.0002192596352
