0.02702651237
0.01874659234
0.01520659647
0.01312609813
0.01171729839
0.01068249165
0.009880993848
0.009236555279
0.0087037936
0.008253788507
0.007867123157
0.007233229881
0.006731558151
0.006321739282
0.005978788252
0.005555322636
0.005109601063
0.004837954929
0.004468147661
0.004172187412
0.00392838503
0.003649507141
0.003393903266
0.003185703657
0.002972722618
0.00276632432
0.002585359057
0.002415415384
0.002250300365
0.002101865232
0.001963280938
0.001831528685
0.001709263014
0.001597459396
0.001491414463
0.001393157029
0.001301881525
0.00121714696
0.00113866759
0.001065394628
0.0009975309658
0.0009340186438
0.0008757191718
0.0008211217551
0.0007707397342
0.0007240418923
0.000680948953
0.0006410802034
0.0006042454577
0.0005702421299
0.000539031443
0.0005103071262
0.0004839606515
0.0004597967969
0.000437764765
0.0004176533685
0.0003993423282
0.0003827020307
0.0003676442276
0.000354027098
0.0003417573276
0.0003307186348
0.0003208236087
0.0003119648025
0.0003040621923
0.0002970256621
0.0002907785907
0.0002852450508
0.0002803547888
0.0002760443718
0.0002722551383
0.0002689329458
0.0002660290194
0.000263499401
0.0002613043635
0.0002594087788
0.0002577819383
0.0002563965174
0.0002552291049
0.0002542596768
0.0002534713131
0.0002528501833
0.000252385295
0.0002520683429
0.0002518936696
0.0002518581291
0.0002519610855
0.0002522043869
0.0002525924009
0.0002531320569
0.0002538329529
0.0002547074459
0.0002557708418
