0.01070750462
0.007571421976
0.006182100356
0.005353908246
0.004788727937
0.004371533291
0.004047292998
0.003785932995
0.003569446804
0.003386307721
0.003228749342
0.002970075589
0.00276504405
0.002597357494
0.002456902345
0.002283316491
0.002100427959
0.001988878364
0.001836914852
0.001715210557
0.001614896397
0.001500084337
0.001394789814
0.001308975074
0.001221141291
0.001135971064
0.001061249308
0.0009910334047
0.0009227643016
0.0008613442054
0.0008039521651
0.0007493381488
0.0006986026926
0.0006521537445
0.0006080384836
0.0005671006816
0.0005290063448
0.0004935728472
0.0004606824662
0.0004298968171
0.0004013023148
0.0003744540702
0.000349718414
0.0003264565721
0.0003048887928
0.0002847910273
0.0002661327678
0.0002487534112
0.0002325743827
0.0002175117907
0.0002035552539
0.0001905757522
0.0001785328494
0.0001673472432
0.0001570072631
0.0001474273834
0.0001385648836
0.0001303732961
0.0001228274631
0.0001158763292
0.0001094937709
0.0001036424422
9.830065211e-05
9.343643848e-05
8.903319655e-05
8.506940653e-05
8.153188382e-05
7.840903475e-05
7.569424327e-05
7.338730535e-05
7.149423499e-05
7.00283619e-05
6.901213421e-05
6.847825185e-05
6.847099857e-05
6.90477018e-05
7.02793569e-05
7.225164554e-05
7.506490468e-05
7.88342261e-05
8.369017099e-05
8.97789117e-05
9.726390193e-05
0.0001063290843
0.0001171811939
0.0001300563401
0.0001452236264
0.0001629930619
0.0001837222861
0.000207823916
0.000235775419
0.0002681277984
0.000305518488
